-180.000000
-179.296875
-178.593750
-177.890625
-177.187500
-176.484375
-175.781250
-175.078125
-174.375000
-173.671875
-172.968750
-172.265625
-171.562500
-170.859375
-170.156250
-169.453125
-168.750000
-168.046875
-167.343750
-166.640625
-165.937500
-165.234375
-164.531250
-163.828125
-163.125000
-162.421875
-161.718750
-161.015625
-160.312500
-159.609375
-158.906250
-158.203125
-157.500000
-156.796875
-156.093750
-155.390625
-154.687500
-153.984375
-153.281250
-152.578125
-151.875000
-151.171875
-150.468750
-149.765625
-149.062500
-148.359375
-147.656250
-146.953125
-146.250000
-145.546875
-144.843750
-144.140625
-143.437500
-142.734375
-142.031250
-141.328125
-140.625000
-139.921875
-139.218750
-138.515625
-137.812500
-137.109375
-136.406250
-135.703125
-135.000000
-134.296875
-133.593750
-132.890625
-132.187500
-131.484375
-130.781250
-130.078125
-129.375000
-128.671875
-127.968750
-127.265625
-126.562500
-125.859375
-125.156250
-124.453125
-123.750000
-123.046875
-122.343750
-121.640625
-120.937500
-120.234375
-119.531250
-118.828125
-118.125000
-117.421875
-116.718750
-116.015625
-115.312500
-114.609375
-113.906250
-113.203125
-112.500000
-111.796875
-111.093750
-110.390625
-109.687500
-108.984375
-108.281250
-107.578125
-106.875000
-106.171875
-105.468750
-104.765625
-104.062500
-103.359375
-102.656250
-101.953125
-101.250000
-100.546875
-99.843750
-99.140625
-98.437500
-97.734375
-97.031250
-96.328125
-95.625000
-94.921875
-94.218750
-93.515625
-92.812500
-92.109375
-91.406250
-90.703125
-90.000000
-89.296875
-88.593750
-87.890625
-87.187500
-86.484375
-85.781250
-85.078125
-84.375000
-83.671875
-82.968750
-82.265625
-81.562500
-80.859375
-80.156250
-79.453125
-78.750000
-78.046875
-77.343750
-76.640625
-75.937500
-75.234375
-74.531250
-73.828125
-73.125000
-72.421875
-71.718750
-71.015625
-70.312500
-69.609375
-68.906250
-68.203125
-67.500000
-66.796875
-66.093750
-65.390625
-64.687500
-63.984375
-63.281250
-62.578125
-61.875000
-61.171875
-60.468750
-59.765625
-59.062500
-58.359375
-57.656250
-56.953125
-56.250000
-55.546875
-54.843750
-54.140625
-53.437500
-52.734375
-52.031250
-51.328125
-50.625000
-49.921875
-49.218750
-48.515625
-47.812500
-47.109375
-46.406250
-45.703125
-45.000000
-44.296875
-43.593750
-42.890625
-42.187500
-41.484375
-40.781250
-40.078125
-39.375000
-38.671875
-37.968750
-37.265625
-36.562500
-35.859375
-35.156250
-34.453125
-33.750000
-33.046875
-32.343750
-31.640625
-30.937500
-30.234375
-29.531250
-28.828125
-28.125000
-27.421875
-26.718750
-26.015625
-25.312500
-24.609375
-23.906250
-23.203125
-22.500000
-21.796875
-21.093750
-20.390625
-19.687500
-18.984375
-18.281250
-17.578125
-16.875000
-16.171875
-15.468750
-14.765625
-14.062500
-13.359375
-12.656250
-11.953125
-11.250000
-10.546875
-9.843750
-9.140625
-8.437500
-7.734375
-7.031250
-6.328125
-5.625000
-4.921875
-4.218750
-3.515625
-2.812500
-2.109375
-1.406250
-0.703125
0.000000
0.703125
1.406250
2.109375
2.812500
3.515625
4.218750
4.921875
5.625000
6.328125
7.031250
7.734375
8.437500
9.140625
9.843750
10.546875
11.250000
11.953125
12.656250
13.359375
14.062500
14.765625
15.468750
16.171875
16.875000
17.578125
18.281250
18.984375
19.687500
20.390625
21.093750
21.796875
22.500000
23.203125
23.906250
24.609375
25.312500
26.015625
26.718750
27.421875
28.125000
28.828125
29.531250
30.234375
30.937500
31.640625
32.343750
33.046875
33.750000
34.453125
35.156250
35.859375
36.562500
37.265625
37.968750
38.671875
39.375000
40.078125
40.781250
41.484375
42.187500
42.890625
43.593750
44.296875
45.000000
45.703125
46.406250
47.109375
47.812500
48.515625
49.218750
49.921875
50.625000
51.328125
52.031250
52.734375
53.437500
54.140625
54.843750
55.546875
56.250000
56.953125
57.656250
58.359375
59.062500
59.765625
60.468750
61.171875
61.875000
62.578125
63.281250
63.984375
64.687500
65.390625
66.093750
66.796875
67.500000
68.203125
68.906250
69.609375
70.312500
71.015625
71.718750
72.421875
73.125000
73.828125
74.531250
75.234375
75.937500
76.640625
77.343750
78.046875
78.750000
79.453125
80.156250
80.859375
81.562500
82.265625
82.968750
83.671875
84.375000
85.078125
85.781250
86.484375
87.187500
87.890625
88.593750
89.296875
90.000000
90.703125
91.406250
92.109375
92.812500
93.515625
94.218750
94.921875
95.625000
96.328125
97.031250
97.734375
98.437500
99.140625
99.843750
100.546875
101.250000
101.953125
102.656250
103.359375
104.062500
104.765625
105.468750
106.171875
106.875000
107.578125
108.281250
108.984375
109.687500
110.390625
111.093750
111.796875
112.500000
113.203125
113.906250
114.609375
115.312500
116.015625
116.718750
117.421875
118.125000
118.828125
119.531250
120.234375
120.937500
121.640625
122.343750
123.046875
123.750000
124.453125
125.156250
125.859375
126.562500
127.265625
127.968750
128.671875
129.375000
130.078125
130.781250
131.484375
132.187500
132.890625
133.593750
134.296875
135.000000
135.703125
136.406250
137.109375
137.812500
138.515625
139.218750
139.921875
140.625000
141.328125
142.031250
142.734375
143.437500
144.140625
144.843750
145.546875
146.250000
146.953125
147.656250
148.359375
149.062500
149.765625
150.468750
151.171875
151.875000
152.578125
153.281250
153.984375
154.687500
155.390625
156.093750
156.796875
157.500000
158.203125
158.906250
159.609375
160.312500
161.015625
161.718750
162.421875
163.125000
163.828125
164.531250
165.234375
165.937500
166.640625
167.343750
168.046875
168.750000
169.453125
170.156250
170.859375
171.562500
172.265625
172.968750
173.671875
174.375000
175.078125
175.781250
176.484375
177.187500
177.890625
178.593750
179.296875
