89.052654
88.385040
87.698767
87.006596
86.311841
85.615730
84.918819
84.221397
83.523631
82.825618
82.127427
81.429100
80.730668
80.032152
79.333571
78.634934
77.936253
77.237534
76.538783
75.840006
75.141205
74.442384
73.743546
73.044693
72.345825
71.646946
70.948056
70.249157
69.550249
68.851334
68.152411
67.453483
66.754548
66.055608
65.356664
64.657715
63.958762
63.259805
62.560845
61.861882
61.162916
60.463947
59.764976
59.066002
58.367026
57.668048
56.969068
56.270086
55.571102
54.872117
54.173131
53.474143
52.775154
52.076163
51.377171
50.678178
49.979184
49.280189
48.581193
47.882197
47.183199
46.484200
45.785201
45.086201
44.387200
43.688199
42.989197
42.290194
41.591191
40.892187
40.193183
39.494178
38.795173
38.096167
37.397161
36.698154
35.999147
35.300140
34.601132
33.902123
33.203115
32.504104
31.805095
31.106086
30.407078
29.708069
29.009055
28.310047
27.611038
26.912024
26.213015
25.514001
24.814993
24.115978
23.416970
22.717956
22.018941
21.319933
20.620919
19.921905
19.222890
18.523876
17.824868
17.125853
16.426839
15.727825
15.028811
14.329796
13.630782
12.931768
12.232754
11.533739
10.834725
10.135711
9.436697
8.737682
8.038668
7.339654
6.640640
5.941625
5.242611
4.543597
3.844583
3.145568
2.446554
1.747534
1.048520
0.349506
-0.349508
-1.048523
-1.747537
-2.446551
-3.145565
-3.844580
-4.543594
-5.242608
-5.941628
-6.640642
-7.339657
-8.038671
-8.737685
-9.436699
-10.135714
-10.834728
-11.533742
-12.232756
-12.931770
-13.630785
-14.329799
-15.028813
-15.727827
-16.426836
-17.125850
-17.824864
-18.523879
-19.222893
-19.921907
-20.620916
-21.319930
-22.018944
-22.717953
-23.416967
-24.115981
-24.814990
-25.514004
-26.213012
-26.912027
-27.611035
-28.310049
-29.009058
-29.708066
-30.407081
-31.106089
-31.805098
-32.504106
-33.203115
-33.902123
-34.601132
-35.300140
-35.999149
-36.698152
-37.397160
-38.096169
-38.795171
-39.494180
-40.193183
-40.892185
-41.591188
-42.290197
-42.989199
-43.688197
-44.387199
-45.086202
-45.785199
-46.484202
-47.183199
-47.882196
-48.581193
-49.280190
-49.979187
-50.678178
-51.377170
-52.076161
-52.775152
-53.474144
-54.173129
-54.872115
-55.571101
-56.270086
-56.969066
-57.668046
-58.367026
-59.066000
-59.764974
-60.463948
-61.162917
-61.861885
-62.560848
-63.259805
-63.958761
-64.657713
-65.356664
-66.055609
-66.754549
-67.453483
-68.152411
-68.851334
-69.550251
-70.249156
-70.948056
-71.646944
-72.345827
-73.044692
-73.743546
-74.442382
-75.141207
-75.840004
-76.538783
-77.237534
-77.936250
-78.634932
-79.333568
-80.032153
-80.730669
-81.429098
-82.127425
-82.825620
-83.523632
-84.221397
-84.918818
-85.615730
-86.311839
-87.006596
-87.698769
-88.385041
-89.052657
