   5.1867001e+01
   6.7669980e+00
   4.3182999e+01
   3.5450001e+01
   3.6432999e+01
   4.3733002e+01
   4.3349998e+01
   2.8682999e+01
   3.7817001e+01
   3.5533001e+01
   1.0766998e+01
   1.2330020e+00
   5.0099998e+01
   2.6617001e+01
   3.8682999e+01
   3.4349998e+01
   2.4717003e+01
   5.8433001e+01
   7.4883000e+01
   3.6716999e+01
  -6.5250000e+01
   4.6583000e+01
   6.4917000e+01
  -2.8870000e+01
   2.1650002e+01
   5.2367001e+01
   6.0850000e+01
   3.5250000e+01
   4.8516998e+01
  -6.5000200e-01
   3.6250000e+01
   7.0367001e+01
   4.7849998e+01
   4.1867001e+01
  -3.3070000e+01
  -4.6600010e+01
   2.6067001e+01
  -3.4900000e+01
  -4.1250000e+01
   4.4667000e+01
   3.4867001e+01
   7.1583000e+01
  -3.8500000e+01
   6.5483000e+01
   4.8367001e+01
   7.0066999e+01
   7.7150000e+01
   4.6432999e+01
  -2.9880000e+01
   4.0900002e+01
   2.7083000e+01
   4.1682999e+01
   1.9266998e+01
   4.8650002e+01
  -1.7530000e+01
   3.4033001e+01
   2.9283001e+01
   4.3216999e+01
   4.6500000e+01
   6.6017000e+01
   3.2432999e+01
   3.6117001e+01
   3.6000000e+01
   2.2532997e+01
   3.6182999e+01
   1.1682999e+01
   1.0650002e+01
   3.0067001e+01
   5.0783001e+01
   2.2449997e+01
   3.7500000e+01
   1.3150002e+01
   5.4033001e+01
   1.6016998e+01
  -3.1820000e+01
   2.5733002e+01
   3.2083000e+01
   5.0200001e+01
   4.9233002e+01
   5.8966999e+01
   5.3400002e+01
   3.4900002e+01
   6.0117001e+01
   3.4966999e+01
   4.3667000e+01
   3.8567001e+01
   3.7083000e+01
   3.7833000e+01
   3.8500000e+01
   3.7500000e+01
   7.3183001e+01
   5.0799999e+01
   3.4716999e+01
   8.9170000e+00
   3.7932999e+01
   3.5016998e+01
   2.2300003e+01
  -2.1999970e+00
   2.8083000e+01
   1.6616997e+01
