  -1.7663000e+02
   7.3167000e+01
   2.7917000e+01
   1.3532001e+02
   2.8233000e+01
   7.4169998e+00
  -1.2432001e+02
  -1.7750000e+01
   1.3828000e+02
   1.3517999e+02
   7.9849998e+01
   1.0365000e+02
  -5.5499900e+00
  -8.0030000e+01
  -9.4200100e+00
   1.3405000e+02
  -8.1100010e+01
  -3.0799900e+00
   1.4212000e+02
  -4.4200100e+00
  -6.4269990e+01
  -7.2030000e+01
   2.1233000e+01
   1.5358000e+02
   8.8050003e+01
  -1.2678000e+02
   2.1183001e+01
  -3.9200100e+00
  -6.8470000e+01
  -4.7380000e+01
   1.3614999e+02
   7.2567001e+01
  -6.9570010e+01
   1.4013000e+02
   1.8000000e+01
   1.6835001e+02
  -9.7220000e+01
  -5.6250000e+01
   1.7328000e+02
  -6.3579990e+01
   1.3833000e+02
   1.2892000e+02
   1.4398000e+02
   1.2217000e+01
  -1.2462000e+02
   2.9750000e+01
   8.9199997e+01
  -7.2399990e+01
   3.1000000e+01
   1.4087000e+02
   1.4217999e+02
  -8.8299900e+00
  -8.1380000e+01
  -1.2345000e+02
  -1.4957001e+02
   1.3180000e+02
  -8.9970000e+01
   1.4087000e+02
  -7.2250000e+01
   1.2633000e+01
  -8.0670010e+01
  -5.4299900e+00
  -5.6000100e+00
   8.8333000e+01
  -7.5750000e+01
   9.2766998e+01
  -6.1519990e+01
  -8.4179990e+01
   6.7000002e-02
   1.1418000e+02
   1.3092000e+02
   1.0082000e+02
  -2.9200100e+00
  -8.6030000e+01
   1.1573000e+02
  -8.0170010e+01
   3.4766998e+01
  -6.6399990e+01
  -6.8130000e+01
   9.8830004e+00
  -3.0000000e+00
   1.3207001e+02
   2.5417000e+01
   1.3912000e+02
  -7.0250000e+01
  -7.6070010e+01
   2.6882999e+01
   1.4097000e+02
  -8.8999900e+00
   1.5133000e+01
   1.4323000e+02
  -1.1200000e+00
  -7.6730010e+01
  -7.9530000e+01
   2.3617001e+01
   1.2882001e+02
   1.1422000e+02
  -8.0920010e+01
   1.2128000e+02
   1.2030000e+02
